100000000100000001000000100000001100000100
100000001000000101000001100000011100001000
000000001100000000000000000000000000000000
000000010000000000000000000000000000000000
100000001100001001000010100000101100001100
100000010000001101000011100000111100010000
100000010100010001000100100001001100010100
100000011000010101000101100001011100011000
100000011100011001000110100001101100011100
100000100000011101000111100001111100100000
000000000100000000000000000000000000000000
000000001000000000000000000000000000000000
000000001100000000000000000000000000000000
000000010000000000000000000000000000000000
000000010100000000000000000000000000000000
000000011000000000000000000000000000000000
000000011100000000000000000000000000000000
000000100000000000000000000000000000000000
