00010001100100001000110001101000   
01010100101100110011101111000100
10011001101010101011101101011101
11111111000000010000001000000011
00000100000001010000011000000111
00001000000010010000101000001011
00010000000100010001001000010011
00100000001000010010001000100011
11011101111111110000000100000010
00000011000001000000010100000110
00000111000010000000100100001010
00001011000100000001000100010010
00010011001000000010000100100010
00100011110111011111111100000001
00000010000000110000010000000101
00000110000001110000100000001001
00001010000010110001000000010001
00010010000100110010000000100001
00100010001000111101110111111111
00000001000000100000001100000100
00000101000001100000011100001000
00001001000010100000101100010000
00010001000100100001001100100000
00100001001000100010001111011101
11111111000000010000001000000011
00000100000001010000011000000111
00001000000010010000101000001011
00010000000100010001001000010011
00100000001000010010001000100011
11011101111111110000000100000010
00000011000001000000010100000110
00000111000010000000100100001010
00001011000100000001000100010010
00010011001000000010000100100010
00100011000000010000001000000011
00000100000001010000011000000111
00001000000010010000101000001011
00010000000100010001001000010011
00100000001000010010001000100011
00000001000000100000001100010010
00000100000001010000011000000111
00001000000010010000101000001011
00010000000100010001001100100000
00100001001000100010001100000001
00000010000000110000010000000101
00000110000001110000100000001001
00001010000010110001000000010001
00010010000100110010000000100001
00100010001000110000000100000010
00000011000001000000010100000110
00000111000010000000100100001010
00001011000100000001000100010010
00010011001000000010000100100010
00100011000000010000001000000011
00000100000001010000011000000111
00001001000010100000101100010000
00010001000100100001001100100000
00100001001000100010001111011101
11111111000000010000001000000011
00000100000001010000011000000111
00001000000010010000101000001011
00010000000100010001001000010011
00100000001000010010001000100011
11011101111111110000000100000010
00000011000001000000010100000110
00000111000010000000100100001010
00001011000100000001000100010010
00010011001000000010000100100010
00100011000000010000001000000011
00000100000001010000011000000111
00001000000010010000101000001011
00010000000100010001001000010011
00100000001000010010001000100011
00000001000000100000001100010010
00000100000001010000011000000111
00001000000010010000101000001011
00010000000100010001001100100000
00100001001000100010001100000001
00000010000000110000010000000101
00000110000001110000100000001001
00001010000010110001000000010001
00010010000100110010000000100001
00100010001000110000000100000010
00000011000001000000010100000110
00000111000010000000100100001010
00001011000100000001000100010010
00010011001000000010000100100010
00100011000000010000001000000011
00001001000010100000101100010000
00010001000100100001001100100000
00100001001000100010001111011101
11111111000000010000001000000011
00000100000001010000011000000111
00001000000010010000101000001011
00010000000100010001001000010011
00100000001000010010001000100011
11011101111111110000000100000010
00000011000001000000010100000110
00000111000010000000100100001010
00001011000100000001000100010010
00010011001000000010000100100010
00100011000000010000001000000011
00000100000001010000011000000111
00001000000010010000101000001011
00010000000100010001001000010011
00100000001000010010001000100011
00000001000000100000001100010010
00000100000001010000011000000111
00001000000010010000101000001011
00010000000100010001001100100000
00100001001000100010001100000001
00000010000000110000010000000101
00000110000001110000100000001001
00001010000010110001000000010001
00010010000100110010000000100001
00100010001000110000000100000010
00000011000001000000010100000110
00000111000010000000100100001010
00001011000100000001000100010010
00010011001000000010000100100010
00100011000000010000001000000011
00001001000010100000101100010000
00010001000100100001001100100000
00100001001000100010001111011101
11111111000000010000001000000011
00000100000001010000011000000111
00001000000010010000101000001011
00010000000100010001001000010011
00100000001000010010001000100011
11011101111111110000000100000010
00000011000001000000010100000110
00000111000010000000100100001010
00001011000100000001000100010010
00010011001000000010000100100010
00100011000000010000001000000011
00000100000001010000011000000111
00001000000010010000101000001011
00010000000100010001001000010011
00100000001000010010001000100011
00000001000000100000001100010010
00000100000001010000011000000111
00001000000010010000101000001011
00010000000100010001001100100000
00100001001000100010001100000001
00000010000000110000010000000101
00000110000001110000100000001001
00001010000010110001000000010001
00010010000100110010000000100001
00100010001000110000000100000010
00000011000001000000010100000110
00000111000010000000100100001010
00001011000100000001000100010010
00010011001000000010000100100010
00100011000000010000001000000011
00001001000010100000101100010000
00010001000100100001001100100000
00100001001000100010001111011101
11111111000000010000001000000011
00000100000001010000011000000111
00001000000010010000101000001011
00010000000100010001001000010011
00100000001000010010001000100011
11011101111111110000000100000010
00000011000001000000010100000110
00000111000010000000100100001010
00001011000100000001000100010010
00010011001000000010000100100010
00100011000000010000001000000011
00000100000001010000011000000111
00001000000010010000101000001011
00010000000100010001001000010011
00100000001000010010001000100011
00000001000000100000001100010010
00000100000001010000011000000111
00001000000010010000101000001011
00010000000100010001001100100000
00100001001000100010001100000001
00000010000000110000010000000101
00000110000001110000100000001001
00001010000010110001000000010001
00010010000100110010000000100001
00100010001000110000000100000010
00000011000001000000010100000110
00000111000010000000100100001010
00001011000100000001000100010010
00010011001000000010000100100010
00100011000000010000001000000011
00001001000010100000101100010000
00010001000100100001001100100000
00100001001000100010001111011101
11111111000000010000001000000011
00000100000001010000011000000111
00001000000010010000101000001011
00010000000100010001001000010011
00100000001000010010001000100011
11011101111111110000000100000010
00000011000001000000010100000110
00000111000010000000100100001010
00001011000100000001000100010010
00010011001000000010000100100010
00100011000000010000001000000011
00000100000001010000011000000111
00001000000010010000101000001011
00010000000100010001001000010011
00100000001000010010001000100011
00000001000000100000001100010010
00000100000001010000011000000111
00001000000010010000101000001011
00010000000100010001001100100000
00100001001000100010001100000001
00000010000000110000010000000101
00000110000001110000100000001001
00001010000010110001000000010001
00010010000100110010000000100001
00100010001000110000000100000010
00000011000001000000010100000110
00000111000010000000100100001010
00001011000100000001000100010010
00010011001000000010000100100010
00100011000000010000001000000011
00001001000010100000101100010000
00010001000100100001001100100000
00100001001000100010001111011101
11111111000000010000001000000011
00000100000001010000011000000111
00001000000010010000101000001011
00010000000100010001001000010011
00100000001000010010001000100011
11011101111111110000000100000010
00000011000001000000010100000110
00000111000010000000100100001010
00001011000100000001000100010010
00010011001000000010000100100010
00100011000000010000001000000011
00000100000001010000011000000111
00001000000010010000101000001011
00010000000100010001001000010011
00100000001000010010001000100011
00000001000000100000001100010010
00000100000001010000011000000111
00001000000010010000101000001011
00010000000100010001001100100000
00100001001000100010001100000001
00000010000000110000010000000101
00000110000001110000100000001001
00001010000010110001000000010001
00010010000100110010000000100001
00100010001000110000000100000010
00000011000001000000010100000110
00000111000010000000100100001010
00001011000100000001000100010010
00010011001000000010000100100010
00100011000000010000001000000011
00001001000010100000101100010000
00010001000100100001001100100000
00100001001000100010001111011101
11111111000000010000001000000011
00000100000001010000011000000111
00001000000010010000101000001011
00010000000100010001001000010011
00100000001000010010001000100011
11011101111111110000000100000010
00000011000001000000010100000110
00000111000010000000100100001010
00001011000100000001000100010010
00010011001000000010000100100010
00100011000000010000001000000011
00000100000001010000011000000111
00001000000010010000101000001011
00010000000100010001001000010011
00100000001000010010001000100011
00000001000000100000001100010010
00000100000001010000011000000111
00001000000010010000101000001011
00010000000100010001001100100000
00100001001000100010001100000001
00000010000000110000010000000101
00000110000001110000100000001001
00001010000010110001000000010001
00010010000100110010000000100001
00100010001000110000000100000010
00000011000001000000010100000110
00000111000010000000100100001010
00001011000100000001000100010010
00010011001000000010000100100010
00100011000000010000001000000011
00001001000010100000101100010000
00010001000100100001001100100000
00100001001000100010001111011101
11111111000000010000001000000011
00000100000001010000011000000111
00001000000010010000101000001011
00010000000100010001001000010011
00100000001000010010001000100011
11011101111111110000000100000010
00000011000001000000010100000110
00000111000010000000100100001010
00001011000100000001000100010010
00010011001000000010000100100010
00100011000000010000001000000011
00000100000001010000011000000111
00001000000010010000101000001011
00010000000100010001001000010011
00100000001000010010001000100011
00000001000000100000001100010010
00000100000001010000011000000111
00001000000010010000101000001011
00010000000100010001001100100000
00100001001000100010001100000001
00000010000000110000010000000101
00000110000001110000100000001001
00001010000010110001000000010001
00010010000100110010000000100001
00100010001000110000000100000010
00000011000001000000010100000110
00000111000010000000100100001010
00001011000100000001000100010010
00010011001000000010000100100010
00100011000000010000001000000011
00001001000010100000101100010000
00010001000100100001001100100000
00100001001000100010001111011101
11111111000000010000001000000011
00000100000001010000011000000111
00001000000010010000101000001011
00010000000100010001001000010011
00100000001000010010001000100011
11011101111111110000000100000010
00000011000001000000010100000110
00000111000010000000100100001010
00001011000100000001000100010010
00010011001000000010000100100010
00100011000000010000001000000011
00000100000001010000011000000111
00001000000010010000101000001011
00010000000100010001001000010011
00100000001000010010001000100011
00000001000000100000001100010010
00000100000001010000011000000111
00001000000010010000101000001011
00010000000100010001001100100000
00100001001000100010001100000001
00000010000000110000010000000101
00000110000001110000100000001001
00001010000010110001000000010001
00010010000100110010000000100001
00100010001000110000000100000010
00000011000001000000010100000110
00000111000010000000100100001010
00001011000100000001000100010010
00010011001000000010000100100010
00100011000000010000001000000011
00001001000010100000101100010000
00010001000100100001001100100000
00100001001000100010001111011101
11111111000000010000001000000011
00000100000001010000011000000111
00001000000010010000101000001011
00010000000100010001001000010011
00100000001000010010001000100011
11011101111111110000000100000010
00000011000001000000010100000110
00000111000010000000100100001010
00001011000100000001000100010010
00010011001000000010000100100010
00100011000000010000001000000011
00000100000001010000011000000111
00001000000010010000101000001011
00010000000100010001001000010011
00100000001000010010001000100011
00000001000000100000001100010010
00000100000001010000011000000111
00001000000010010000101000001011
00010000000100010001001100100000
00100001001000100010001100000001
00000010000000110000010000000101
00000110000001110000100000001001
00001010000010110001000000010001
00010010000100110010000000100001
00100010001000110000000100000010
00000011000001000000010100000110
00000111000010000000100100001010
00001011000100000001000100010010
00010011001000000010000100100010
00100011000000010000001000000011
00001001000010100000101100010000
00010001000100100001001100100000
00100001001000100010001111011101
11111111000000010000001000000011
00000100000001010000011000000111
00001000000010010000101000001011
00010000000100010001001000010011
00100000001000010010001000100011
11011101111111110000000100000010
00000011000001000000010100000110
00000111000010000000100100001010
00001011000100000001000100010010
00010011001000000010000100100010
00100011000000010000001000000011
00000100000001010000011000000111
00001000000010010000101000001011
00010000000100010001001000010011
00100000001000010010001000100011
00000001000000100000001100010010
00000100000001010000011000000111
00001000000010010000101000001011
00010000000100010001001100100000
00100001001000100010001100000001
00000010000000110000010000000101
00000110000001110000100000001001
00001010000010110001000000010001
00010010000100110010000000100001
00100010001000110000000100000010
00000011000001000000010100000110
00000111000010000000100100001010
00001011000100000001000100010010
00010011001000000010000100100010
00100011000000010000001000000011
00001001000010100000101100010000
00010001000100100001001100100000
00100001001000100010001111011101
11111111000000010000001000000011
00000100000001010000011000000111
00001000000010010000101000001011
00010000000100010001001000010011
00100000001000010010001000100011
11011101111111110000000100000010
00000011000001000000010100000110
00000111000010000000100100001010
00001011000100000001000100010010
00010011001000000010000100100010
00100011000000010000001000000011
00000100000001010000011000000111
00001000000010010000101000001011
00010000000100010001001000010011
00100000001000010010001000100011
00000001000000100000001100010010
00000100000001010000011000000111
00001000000010010000101000001011
00010000000100010001001100100000
00100001001000100010001100000001
00000010000000110000010000000101
00000110000001110000100000001001
00001010000010110001000000010001
00010010000100110010000000100001
00100010001000110000000100000010
00000011000001000000010100000110
00000111000010000000100100001010
00001011000100000001000100010010
00010011001000000010000100100010
00100011000000010000001000000011
00001001000010100000101100010000
00010001000100100001001100100000
00100001001000100010001111011101
11111111000000010000001000000011
00000100000001010000011000000111
00001000000010010000101000001011
00010000000100010001001000010011
00100000001000010010001000100011
11011101111111110000000100000010
00000011000001000000010100000110
00000111000010000000100100001010
00001011000100000001000100010010
00010011001000000010000100100010
00100011000000010000001000000011
00000100000001010000011000000111
00001000000010010000101000001011
00010000000100010001001000010011
00100000001000010010001000100011
00000001000000100000001100010010
00000100000001010000011000000111
00001000000010010000101000001011
00010000000100010001001100100000
00100001001000100010001100000001
00000010000000110000010000000101
00000110000001110000100000001001
00001010000010110001000000010001
00010010000100110010000000100001
00100010001000110000000100000010
00000011000001000000010100000110
00000111000010000000100100001010
00001011000100000001000100010010
00010011001000000010000100100010
00100011000000010000001000000011
00001001000010100000101100010000
00010001000100100001001100100000
00100001001000100010001111011101
11111111000000010000001000000011
00000100000001010000011000000111
00001000000010010000101000001011
00010000000100010001001000010011
00100000001000010010001000100011
11011101111111110000000100000010
00000011000001000000010100000110
00000111000010000000100100001010
00001011000100000001000100010010
00010011001000000010000100100010
00100011000000010000001000000011
00000100000001010000011000000111
00001000000010010000101000001011
00010000000100010001001000010011
00100000001000010010001000100011
00000001000000100000001100010010
00000100000001010000011000000111
00001000000010010000101000001011
00010000000100010001001100100000
00100001001000100010001100000001
00000010000000110000010000000101
00000110000001110000100000001001
00001010000010110001000000010001
00010010000100110010000000100001
00100010001000110000000100000010
00000011000001000000010100000110
00000111000010000000100100001010
00001011000100000001000100010010
00010011001000000010000100100010
00100011000000010000001000000011
00001000000010010000101000001011
00010000000100010001001000010011
00100000001000010010001000100011

